FORMAT 1
MODE 1
 fake.rf 1440.00000000 55000.75578264982090815 0.30000 7 
 fake.rf 1440.00000000 55000.88078263828930758 0.30000 7 
 fake.rf 1440.00000000 55020.70117396475455962 0.30000 7 
 fake.rf 1440.00000000 55020.82617396789747133 0.30000 7 
 fake.rf 1440.00000000 55040.64656528575129713 0.30000 7 
 fake.rf 1440.00000000 55040.77156525077883487 0.30000 7 
 fake.rf 1440.00000000 55060.59195656737687941 0.30000 7 
 fake.rf 1440.00000000 55060.71695656929723128 0.30000 7 
 fake.rf 1440.00000000 55080.53734804842589057 0.30000 7 
 fake.rf 1440.00000000 55080.66234790469276916 0.30000 7 
 fake.rf 1440.00000000 55100.48273922988678564 0.30000 7 
 fake.rf 1440.00000000 55100.60773928298668878 0.30000 7 
 fake.rf 1440.00000000 55120.42813062224930931 0.30000 7 
 fake.rf 1440.00000000 55120.55313071103555345 0.30000 7 
 fake.rf 1440.00000000 55140.37352191659601175 0.30000 7 
 fake.rf 1440.00000000 55140.49852195690087342 0.30000 7 
 fake.rf 1440.00000000 55160.31891326997860148 0.30000 7 
 fake.rf 1440.00000000 55160.44391327747650067 0.30000 7 
 fake.rf 1440.00000000 55180.26430457301700372 0.30000 7 
 fake.rf 1440.00000000 55180.38930468727875223 0.30000 7 
 fake.rf 1440.00000000 55200.20969601434416774 0.30000 7 
 fake.rf 1440.00000000 55200.33469596540152580 0.30000 7 
 fake.rf 1440.00000000 55220.15508733777875250 0.30000 7 
 fake.rf 1440.00000000 55220.28008736082486152 0.30000 7 
 fake.rf 1440.00000000 55240.10047858274390009 0.30000 7 
 fake.rf 1440.00000000 55240.22547857445730912 0.30000 7 
 fake.rf 1440.00000000 55260.04586991983668298 0.30000 7 
 fake.rf 1440.00000000 55260.17086990408513358 0.30000 7 
 fake.rf 1440.00000000 55279.99126132008241541 0.30000 7 
 fake.rf 1440.00000000 55280.11626133608848832 0.30000 7 
 fake.rf 1440.00000000 55299.93665257605408669 0.30000 7 
 fake.rf 1440.00000000 55300.06165270493007213 0.30000 7 
 fake.rf 1440.00000000 55319.88204405026318611 0.30000 7 
 fake.rf 1440.00000000 55320.00704405226893812 0.30000 7 
 fak1.rf 1440.00000000 55339.82743540785623004 0.30000 7 
 fake.rf 1440.00000000 55339.95243534912239269 0.30000 7 
 fake.rf 1440.00000000 55359.77282673356801013 0.30000 7 
 fake.rf 1440.00000000 55359.89782656368983282 0.30000 7 
 fake.rf 1440.00000000 55379.71821791116564526 0.30000 7 
 fake.rf 1440.00000000 55379.84321805868100697 0.30000 7 
 fake.rf 1440.00000000 55399.66360930951254815 0.30000 7 
 fake.rf 1440.00000000 55399.78860934176129760 0.30000 7 
 fake.rf 1440.00000000 55419.60900071039262471 0.30000 7 
 fake.rf 1440.00000000 55419.73400061633809344 0.30000 7 
 fake.rf 1440.00000000 55439.55439196058648577 0.30000 7 
 fake.rf 1440.00000000 55439.67939192754733924 0.30000 7 
 fake.rf 1440.00000000 55459.49978332662127301 0.30000 7 
 fake.rf 1440.00000000 55459.62478327571959014 0.30000 7 
 fake.rf 1440.00000000 55479.44517456585308324 0.30000 7 
 fake.rf 1440.00000000 55479.57017461062459773 0.30000 7 
 fake.rf 1440.00000000 55499.39056592298446091 0.30000 7 
 fake.rf 1440.00000000 55499.51556591967315413 0.30000 7 
 fake.rf 1440.00000000 55519.33595734050756221 0.30000 7 
 fake.rf 1440.00000000 55519.46095731953120733 0.30000 7 
 fake.rf 1440.00000000 55539.28134873229328150 0.30000 7 
 fake.rf 1440.00000000 55539.40634860119406113 0.30000 7 
 fake.rf 1440.00000000 55559.22673995022279669 0.30000 7 
 fake.rf 1440.00000000 55559.35174001552699607 0.30000 7 
 fake.rf 1440.00000000 55579.17213140028858831 0.30000 7 
 fake.rf 1440.00000000 55579.29713130711986224 0.30000 7 
 fake.rf 1440.00000000 55599.11752261046497026 0.30000 7 
 fake.rf 1440.00000000 55599.24252269275011429 0.30000 7 
 fake.rf 1440.00000000 55619.06291404345067875 0.30000 7 
 fake.rf 1440.00000000 55619.18791403371448467 0.30000 7 
 fake.rf 1440.00000000 55639.00830537376933194 0.30000 7 
 fake.rf 1440.00000000 55639.13330524571307123 0.30000 7 
 fake.rf 1440.00000000 55658.95369672420159191 0.30000 7 
 fake.rf 1440.00000000 55659.07869657120638252 0.30000 7 
 fake.rf 1440.00000000 55678.89908791743934913 0.30000 7 
 fake.rf 1440.00000000 55679.02408807734833829 0.30000 7 
 fake.rf 1440.00000000 55698.84447934972854810 0.30000 7 
 fake.rf 1440.00000000 55698.96947926712475052 0.30000 7 
 fake.rf 1440.00000000 55718.78987060189989577 0.30000 7 
 fake.rf 1440.00000000 55718.91487063705008609 0.30000 7 
 fake.rf 1440.00000000 55738.73526203144958657 0.30000 7 
 fake.rf 1440.00000000 55738.86026207976009772 0.30000 7 
 fake.rf 1440.00000000 55758.68065325802616172 0.30000 7 
 fake.rf 1440.00000000 55758.80565325327168580 0.30000 7 
 fake.rf 1440.00000000 55778.62604457487712750 0.30000 7 
 fake.rf 1440.00000000 55778.75104463966918544 0.30000 7 
 fake.rf 1440.00000000 55798.57143594758280258 0.30000 7 
 fake.rf 1440.00000000 55798.69643592537239485 0.30000 7 
 fake.rf 1440.00000000 55818.51682730509060448 0.30000 7 
 fake.rf 1440.00000000 55818.64182734425484611 0.30000 7 
 fake.rf 1440.00000000 55838.46221873164088478 0.30000 7 
 fake.rf 1440.00000000 55838.58721857740162164 0.30000 7 
 fake.rf 1440.00000000 55858.40761006899995067 0.30000 7 
 fake.rf 1440.00000000 55858.53260995278711576 0.30000 7 
 fake.rf 1440.00000000 55878.35300129120287238 0.30000 7 
 fake.rf 1440.00000000 55878.47800138363990996 0.30000 7 
 fake.rf 1440.00000000 55898.29839261123365546 0.30000 7 
 fake.rf 1440.00000000 55898.42339272707181053 0.30000 7 
 fake.rf 1440.00000000 55918.24378393441865143 0.30000 7 
 fake.rf 1440.00000000 55918.36878393868541437 0.30000 7 
 fak1.rf 1440.00000000 55938.18917536466581631 0.30000 7 
 fake.rf 1440.00000000 55938.31417535747621272 0.30000 7 
 fake.rf 1440.00000000 55958.13456659367646395 0.30000 7 
 fake.rf 1440.00000000 55958.25956670796658443 0.30000 7 
 fake.rf 1440.00000000 55978.07995808467138232 0.30000 7 
 fake.rf 1440.00000000 55978.20495791496411186 0.30000 7 
 fake.rf 1440.00000000 55998.02534931891294434 0.30000 7 
 fake.rf 1440.00000000 55998.15034930108956246 0.30000 7 
 fake.rf 1440.00000000 56017.97074073109653369 0.30000 7 
 fake.rf 1440.00000000 56018.09574065791570874 0.30000 7 
 fake.rf 1440.00000000 56037.91613190742548412 0.30000 7 
 fake.rf 1440.00000000 56038.04113207402629016 0.30000 7 
 fake.rf 1440.00000000 56057.86152338833564457 0.30000 7 
 fake.rf 1440.00000000 56057.98652333165583528 0.30000 7 
 fake.rf 1440.00000000 56077.80691474183193890 0.30000 7 
 fake.rf 1440.00000000 56077.93191461479835880 0.30000 7 
 fake.rf 1440.00000000 56097.75230600498754185 0.30000 7 
 fake.rf 1440.00000000 56097.87730604160092795 0.30000 7 
 fake.rf 1440.00000000 56117.69769725414644412 0.30000 7 
 fake.rf 1440.00000000 56117.82269741630163651 0.30000 7 
 fake.rf 1440.00000000 56137.64308868616820547 0.30000 7 
 fake.rf 1440.00000000 56137.76808866390325292 0.30000 7 
 fake.rf 1440.00000000 56157.58847998453589057 0.30000 7 
 fake.rf 1440.00000000 56157.71348008122700080 0.30000 7 
 fake.rf 1440.00000000 56177.53387129668296396 0.30000 7 
 fake.rf 1440.00000000 56177.65887125847043748 0.30000 7 
 fake.rf 1440.00000000 56197.47926264148001252 0.30000 7 
 fake.rf 1440.00000000 56197.60426269579307146 0.30000 7 
 fake.rf 1440.00000000 56217.42465393444996025 0.30000 7 
 fake.rf 1440.00000000 56217.54965391122528828 0.30000 7 
 fake.rf 1440.00000000 56237.37004532945602975 0.30000 7 
 fake.rf 1440.00000000 56237.49504536805597610 0.30000 7 
 fake.rf 1440.00000000 56257.31543673875547995 0.30000 7 
 fake.rf 1440.00000000 56257.44043658925654228 0.30000 7 
 fake.rf 1440.00000000 56277.26082806381228352 0.30000 7 
 fake.rf 1440.00000000 56277.38582793015136829 0.30000 7 
 fake.rf 1440.00000000 56297.20621931657910864 0.30000 7 
 fake.rf 1440.00000000 56297.33121928851007354 0.30000 7 
 fake.rf 1440.00000000 56317.15161070224356621 0.30000 7 
 fake.rf 1440.00000000 56317.27661061255214392 0.30000 7 
 fake.rf 1440.00000000 56337.09700193699704940 0.30000 7 
 fake.rf 1440.00000000 56337.22200202092400900 0.30000 7 
 fake.rf 1440.00000000 56357.04239324798300359 0.30000 7 
 fake.rf 1440.00000000 56357.16739338609495746 0.30000 7 
 fake.rf 1440.00000000 56376.98778465899609813 0.30000 7 
 fake.rf 1440.00000000 56377.11278467492321198 0.30000 7 
 fake.rf 1440.00000000 56396.93317593567285329 0.30000 7 
 fake.rf 1440.00000000 56397.05817599592313272 0.30000 7 
 fake.rf 1440.00000000 56416.87856726324566381 0.30000 7 
 fake.rf 1440.00000000 56417.00356738427703363 0.30000 7 
 fake.rf 1440.00000000 56436.82395867926071276 0.30000 7 
 fake.rf 1440.00000000 56436.94895868562292307 0.30000 7 
 fake.rf 1440.00000000 56456.76934993385547656 0.30000 7 
 fake.rf 1440.00000000 56456.89435006895582347 0.30000 7 
 fake.rf 1440.00000000 56476.71474133137937201 0.30000 7 
 fak1.rf 1440.00000000 56476.83974127145894250 0.30000 7 
 fake.rf 1440.00000000 56496.66013271212518987 0.30000 7 
 fake.rf 1440.00000000 56496.78513260523103057 0.30000 7 
 fake.rf 1440.00000000 56516.60552404839926410 0.30000 7 
 fake.rf 1440.00000000 56516.73052395585759555 0.30000 7 
 fake.rf 1440.00000000 56536.55091540704208342 0.30000 7 
 fake.rf 1440.00000000 56536.67591525359799576 0.30000 7 
 fake.rf 1440.00000000 56556.49630659210154349 0.30000 7 
 fake.rf 1440.00000000 56556.62130675914053413 0.30000 7 
 fake.rf 1440.00000000 56576.44169803829720777 0.30000 7 
 fake.rf 1440.00000000 56576.56669800469869358 0.30000 7 
 fake.rf 1440.00000000 56596.38708929205687426 0.30000 7 
 fake.rf 1440.00000000 56596.51208926820839906 0.30000 7 
 fake.rf 1440.00000000 56616.33248058762432109 0.30000 7 
 fake.rf 1440.00000000 56616.45748067214438493 0.30000 7 
 fake.rf 1440.00000000 56636.27787191483513496 0.30000 7 
 fake.rf 1440.00000000 56636.40287199703880461 0.30000 7 
 fake.rf 1440.00000000 56656.22326335614954829 0.30000 7 
 fake.rf 1440.00000000 56656.34826332359199696 0.30000 7 
 fake.rf 1440.00000000 56676.16865471303631807 0.30000 7 
 fake.rf 1440.00000000 56676.29365461732618314 0.30000 7 
 fake.rf 1440.00000000 56696.11404603811103087 0.30000 7 
 fake.rf 1440.00000000 56696.23904596809633816 0.30000 7 
 fake.rf 1440.00000000 56716.05943733067132229 0.30000 7 
 fake.rf 1440.00000000 56716.18443735938643968 0.30000 7 
 fake.rf 1440.00000000 56736.00482860720909883 0.30000 7 
 fake.rf 1440.00000000 56736.12982859515571477 0.30000 7 
 fake.rf 1440.00000000 56755.95022005001096232 0.30000 7 
 fake.rf 1440.00000000 56756.07522000844807764 0.30000 7 
 fake.rf 1440.00000000 56775.89561134445915513 0.30000 7 
 fake.rf 1440.00000000 56776.02061130616223750 0.30000 7 
 fake.rf 1440.00000000 56795.84100270632243834 0.30000 7 
 fake.rf 1440.00000000 56795.96600260732517640 0.30000 7 
 fake.rf 1440.00000000 56815.78639407099885261 0.30000 7 
 fake.rf 1440.00000000 56815.91139391529555525 0.30000 7 
 fake.rf 1440.00000000 56835.73178541827444121 0.30000 7 
 fake.rf 1440.00000000 56835.85678531067942387 0.30000 7 
 fake.rf 1440.00000000 56855.67717668637738271 0.30000 7 
 fake.rf 1440.00000000 56855.80217671316616190 0.30000 7 
 fake.rf 1440.00000000 56875.62256796127966396 0.30000 7 
 fake.rf 1440.00000000 56875.74756799351228409 0.30000 7 
 fake.rf 1440.00000000 56895.56795940351238983 0.30000 7 
 fake.rf 1440.00000000 56895.69295938631678311 0.30000 7 
 fake.rf 1440.00000000 56915.51335068545139251 0.30000 7 
 fake.rf 1440.00000000 56915.63835057971225950 0.30000 7 
 fake.rf 1440.00000000 56935.45874205925964873 0.30000 7 
 fake.rf 1440.00000000 56935.58374207054450267 0.30000 7 
 fake.rf 1440.00000000 56955.40413337431053975 0.30000 7 
 fak1.rf 1440.00000000 56955.52913328023207917 0.30000 7 
 fake.rf 1440.00000000 56975.34952462255414574 0.30000 7 
 fake.rf 1440.00000000 56975.47452463541009493 0.30000 7 
 fake.rf 1440.00000000 56995.29491594678276911 0.30000 7 
 fake.rf 1440.00000000 56995.41991603416634149 0.30000 7 
 fake.rf 1440.00000000 57015.24030740220273472 0.30000 7 
 fake.rf 1440.00000000 57015.36530724912456591 0.30000 7 
 fake.rf 1440.00000000 57035.18569860820127460 0.30000 7 
 fake.rf 1440.00000000 57035.31069873085874278 0.30000 7 
 fake.rf 1440.00000000 57055.13109003302512789 0.30000 7 
 fake.rf 1440.00000000 57055.25609005411942221 0.30000 7 
 fake.rf 1440.00000000 57075.07648125472834266 0.30000 7 
 fake.rf 1440.00000000 57075.20148130026392508 0.30000 7 
 fake.rf 1440.00000000 57095.02187263385761895 0.30000 7 
 fake.rf 1440.00000000 57095.14687261784143146 0.30000 7 
 fake.rf 1440.00000000 57114.96726405081965794 0.30000 7 
 fake.rf 1440.00000000 57115.09226392939273254 0.30000 7 
 fake.rf 1440.00000000 57134.91265532881301326 0.30000 7 
 fake.rf 1440.00000000 57135.03765542827801127 0.30000 7 
 fake.rf 1440.00000000 57154.85804668187130417 0.30000 7 
 fake.rf 1440.00000000 57154.98304660144047062 0.30000 7 
 fake.rf 1440.00000000 57174.80343804976063282 0.30000 7 
 fake.rf 1440.00000000 57174.92843799447118158 0.30000 7 
 fak1.rf 1440.00000000 57194.74882928593189568 0.30000 7 
 fake.rf 1440.00000000 57194.87382937304703034 0.30000 7 
 fake.rf 1440.00000000 57214.69422068630790079 0.30000 7 
 fake.rf 1440.00000000 57214.81922065694341839 0.30000 7 
 fake.rf 1440.00000000 57234.63961200590000189 0.30000 7 
 fake.rf 1440.00000000 57234.76461193010604589 0.30000 7 
 fake.rf 1440.00000000 57254.58500327257636187 0.30000 7 
 fake.rf 1440.00000000 57254.71000341375024689 0.30000 7 
 fake.rf 1440.00000000 57274.53039476171216293 0.30000 7 
 fake.rf 1440.00000000 57274.65539463251315766 0.30000 7 
 fake.rf 1440.00000000 57294.47578600324280274 0.30000 7 
 fake.rf 1440.00000000 57294.60078599259824728 0.30000 7 
 fake.rf 1440.00000000 57314.42117729613081778 0.30000 7 
 fake.rf 1440.00000000 57314.54617734421787389 0.30000 7 
 fake.rf 1440.00000000 57334.36656869883715615 0.30000 7 
 fake.rf 1440.00000000 57334.49156871143426173 0.30000 7 
 fake.rf 1440.00000000 57354.31195995608338833 0.30000 7 
 fake.rf 1440.00000000 57354.43696009575096184 0.30000 7 
 fake.rf 1440.00000000 57374.25735140054814920 0.30000 7 
 fake.rf 1440.00000000 57374.38235141447988141 0.30000 7 
 fake.rf 1440.00000000 57394.20274266321499468 0.30000 7 
 fake.rf 1440.00000000 57394.32774262327270876 0.30000 7 
 fake.rf 1440.00000000 57414.14813399404088656 0.30000 7 
 fake.rf 1440.00000000 57414.27313396810230373 0.30000 7 
 fake.rf 1440.00000000 57434.09352539558499728 0.30000 7 
 fake.rf 1440.00000000 57434.21852525687709701 0.30000 7 
 fake.rf 1440.00000000 57454.03891676980518710 0.30000 7 
 fake.rf 1440.00000000 57454.16391660202652503 0.30000 7 
 fake.rf 1440.00000000 57473.98430798450747048 0.30000 7 
 fake.rf 1440.00000000 57474.10930804416225470 0.30000 7 
 fake.rf 1440.00000000 57493.92969934383603459 0.30000 7 
 fake.rf 1440.00000000 57494.05469934223874162 0.30000 7 
 fake.rf 1440.00000000 57513.87509061581630476 0.30000 7 
 fake.rf 1440.00000000 57514.00009073516521596 0.30000 7 
 fake.rf 1440.00000000 57533.82048202350652488 0.30000 7 
 fake.rf 1440.00000000 57533.94548199506734321 0.30000 7 
 fake.rf 1440.00000000 57553.76587339695667467 0.30000 7 
 fake.rf 1440.00000000 57553.89087343630568583 0.30000 7 
 fake.rf 1440.00000000 57573.71126464776056153 0.30000 7 
 fake.rf 1440.00000000 57573.83626462484456709 0.30000 7 
 fake.rf 1440.00000000 57593.65665599163847332 0.30000 7 
 fake.rf 1440.00000000 57593.78165604446366288 0.30000 7 
 fake.rf 1440.00000000 57613.60204737721853618 0.30000 7 
 fake.rf 1440.00000000 57613.72704729528381407 0.30000 7 
 fake.rf 1440.00000000 57633.54743870058522504 0.30000 7 
 fake.rf 1440.00000000 57633.67243874806790060 0.30000 7 
 fake.rf 1440.00000000 57653.49282995611270408 0.30000 7 
 fake.rf 1440.00000000 57653.61782996822277880 0.30000 7 
 fake.rf 1440.00000000 57673.43822143492183940 0.30000 7 
 fake.rf 1440.00000000 57673.56322142110533946 0.30000 7 
 fake.rf 1440.00000000 57693.38361268845513052 0.30000 7 
 fak1.rf 1440.00000000 57693.50861266608388229 0.07000 7 
 fake.rf 1440.00000000 57713.32900402776865789 0.30000 7 
 fake.rf 1440.00000000 57713.45400398145497434 0.30000 7 
 fake.rf 1440.00000000 57733.27439543320078030 0.30000 7 
 fake.rf 1440.00000000 57733.39939543006214606 0.30000 7 
 fake.rf 1440.00000000 57753.21978665384041918 0.30000 7 
 fake.rf 1440.00000000 57753.34478666817635428 0.30000 7 
 fake.rf 1440.00000000 57773.16517803801351505 0.30000 7 
 fake.rf 1440.00000000 57773.29017806814984581 0.30000 7 
 fake.rf 1440.00000000 57793.11056941116886421 0.30000 7 
 fake.rf 1440.00000000 57793.23556926705393977 0.30000 7 
 fake.rf 1440.00000000 57813.05596066589359694 0.30000 7 
 fake.rf 1440.00000000 57813.18096068045675295 0.30000 7 
 fake.rf 1440.00000000 57833.00135194764630953 0.30000 7 
 fake.rf 1440.00000000 57833.12635203634299330 0.30000 7 
 fake.rf 1440.00000000 57852.94674330435960741 0.30000 7 
 fake.rf 1440.00000000 57853.07174332146539086 0.30000 7 
 fake.rf 1440.00000000 57872.89213471724023563 0.30000 7 
 fake.rf 1440.00000000 57873.01713470239992887 0.30000 7 
 fake.rf 1440.00000000 57892.83752593911808049 0.30000 7 
 fake.rf 1440.00000000 57892.96252599911898429 0.30000 7 
 fake.rf 1440.00000000 57912.78291740387647124 0.30000 7 
 fake.rf 1440.00000000 57912.90791733527804652 0.30000 7 
 fake.rf 1440.00000000 57932.72830867238914720 0.30000 7 
 fake.rf 1440.00000000 57932.85330869899360096 0.30000 7 
 fake.rf 1440.00000000 57952.67370002839804854 0.30000 7 
 fake.rf 1440.00000000 57952.79869997842673257 0.30000 7 
 fake.rf 1440.00000000 57972.61909142514347693 0.30000 7 
 fake.rf 1440.00000000 57972.74409132335862083 0.30000 7 
 fake.rf 1440.00000000 57992.56448271151448282 0.30000 7 
 fake.rf 1440.00000000 57992.68948269467320600 0.30000 7 
 fake.rf 1440.00000000 58012.50987403108191032 0.30000 7 
 fake.rf 1440.00000000 58012.63487409151542096 0.30000 7 
